file,test_size,recall,fall_out,precision,accuracy,f1_score
nursery.csv , 0.4 , 0.9838709677419355 , 0.9838709677419355 , 0.9758797943851325 , 0.9525462962962963 , 0.97985908846836
nursery.csv , 0.25 , 0.9328358208955224 , 0.9328358208955224 , 0.9802745778759665 , 0.9600308641975308 , 0.9559670379118184
nursery.csv , 0.1 , 1.0 , 1.0 , 0.9779179810725552 , 0.9567901234567902 , 0.9888357256778308
nursery_shuffled.csv , 0.4 , 0.972972972972973 , 0.972972972972973 , 0.9750544446644229 , 0.9507137345679012 , 0.9740125967900983
nursery_shuffled.csv , 0.25 , 1.0 , 1.0 , 0.9784013873561406 , 0.957716049382716 , 0.9890827954418678
nursery_shuffled.csv , 0.1 , 1.0 , 1.0 , 0.9771112865035517 , 0.9552469135802469 , 0.9884231536926147file,test_size,recall,fall_out,precision,accuracy,f1_score
nursery.csv , 0.4 , 1.0 , 1.0 , 0.9747849302877485 , 0.9508101851851852 , 0.9872314856541986
nursery.csv , 0.25 , 1.0 , 1.0 , 0.9737092176116566 , 0.9487654320987654 , 0.9866795056973199
nursery.csv , 0.1 , 1.0 , 1.0 , 0.9787234042553191 , 0.9583333333333334 , 0.989247311827957
nursery_shuffled.csv , 0.4 , 0.9875518672199171 , 0.9875518672199171 , 0.9764915053338601 , 0.9538001543209876 , 0.9819905434806653
nursery_shuffled.csv , 0.25 , 1.0 , 1.0 , 0.978079167323766 , 0.9570987654320988 , 0.9889181216614844
nursery_shuffled.csv , 0.1 , 1.0 , 1.0 , 0.975898854207823 , 0.9529320987654321 , 0.9878024395120976